Tamaño Ejemplar    Tiempo Real     Tiempos Estimados
100                      9.8                      11.9534
110                      10.78                      11.9546
120                      10.478                      11.9559
130                      10.4478                      11.9572
140                      10.6448                      11.9584
150                      10.5645                      11.9597
160                      10.4564                      11.9609
170                      10.6456                      11.9622
180                      10.4646                      11.9634
190                      10.6465                      11.9647
200                      10.5646                      11.966
210                      10.3565                      11.9672
220                      10.6356                      11.9685
230                      10.3636                      11.9697
240                      10.1364                      11.971
250                      10.7136                      11.9722
260                      10.4714                      11.9735
270                      10.6471                      11.9747
280                      10.4647                      11.976
290                      10.5465                      11.9772
300                      10.2546                      11.9784
310                      10.5255                      11.9797
320                      10.5525                      11.9809
330                      10.5553                      11.9822
340                      10.6555                      11.9834
350                      10.5656                      11.9847
360                      10.6566                      11.9859
370                      10.6657                      11.9871
380                      10.5666                      11.9884
390                      10.5567                      11.9896
400                      10.4557                      11.9909
410                      10.2456                      11.9921
420                      10.6246                      11.9933
430                      10.5625                      11.9946
440                      10.6562                      11.9958
450                      13.9656                      11.997
460                      10.9966                      11.9983
470                      10.6997                      11.9995
480                      10.87                      12.0007
490                      14.387                      12.0019
500                      11.3387                      12.0032
510                      10.9339                      12.0044
520                      10.7934                      12.0056
530                      11.0793                      12.0068
540                      12.6079                      12.0081
550                      10.6608                      12.0093
560                      10.7661                      12.0105
570                      10.5766                      12.0117
580                      10.5577                      12.013
590                      10.3558                      12.0142
600                      10.1356                      12.0154
610                      10.5136                      12.0166
620                      10.2514                      12.0178
630                      10.2251                      12.019
640                      10.1225                      12.0203
650                      10.2123                      12.0215
660                      10.6212                      12.0227
670                      10.3621                      12.0239
680                      10.4362                      12.0251
690                      10.4436                      12.0263
700                      10.3444                      12.0275
710                      10.0344                      12.0287
720                      10.3034                      12.0299
730                      10.7303                      12.0312
740                      10.373                      12.0324
750                      10.4373                      12.0336
760                      10.4437                      12.0348
770                      10.2444                      12.036
780                      10.6244                      12.0372
790                      10.3624                      12.0384
800                      10.4362                      12.0396
810                      10.8436                      12.0408
820                      10.9844                      12.042
830                      10.5984                      12.0432
840                      10.1598                      12.0444
850                      12.416                      12.0456
860                      10.6416                      12.0468
870                      10.6642                      12.048
880                      10.3664                      12.0491
890                      11.8366                      12.0503
900                      11.2837                      12.0515
910                      11.4284                      12.0527
920                      12.9428                      12.0539
930                      12.5943                      12.0551
940                      11.9594                      12.0563
950                      10.8959                      12.0575
960                      10.4896                      12.0587
970                      10.549                      12.0599
980                      10.5549                      12.061
990                      10.6555                      12.0622
1000                      10.1655                      12.0634
1010                      13.0166                      12.0646
1020                      11.6017                      12.0658
1030                      11.0602                      12.0669
1040                      10.306                      12.0681
1050                      11.7306                      12.0693
1060                      10.7731                      12.0705
1070                      10.7773                      12.0717
1080                      10.7777                      12.0728
1090                      10.4778                      12.074
1100                      10.2478                      12.0752
1110                      10.7248                      12.0764
1120                      10.4725                      12.0775
1130                      10.9472                      12.0787
1140                      11.0947                      12.0799
1150                      11.0095                      12.081
1160                      10.9009                      12.0822
1170                      10.5901                      12.0834
1180                      10.259                      12.0845
1190                      14.2259                      12.0857
1200                      15.3226                      12.0869
1210                      14.6323                      12.088
1220                      11.6632                      12.0892
1230                      10.4663                      12.0904
1240                      10.8466                      12.0915
1250                      10.4847                      12.0927
1260                      11.3485                      12.0938
1270                      10.7348                      12.095
1280                      10.5735                      12.0962
1290                      10.6573                      12.0973
1300                      10.8657                      12.0985
1310                      10.6866                      12.0996
1320                      10.9687                      12.1008
1330                      10.0969                      12.1019
1340                      10.9097                      12.1031
1350                      10.991                      12.1042
1360                      10.4991                      12.1054
1370                      10.1499                      12.1065
1380                      10.715                      12.1077
1390                      10.2715                      12.1088
1400                      11.2271                      12.11
1410                      10.5227                      12.1111
1420                      19.5523                      12.1123
1430                      11.3552                      12.1134
1440                      10.8355                      12.1146
1450                      11.1836                      12.1157
1460                      10.5184                      12.1169
1470                      11.1518                      12.118
1480                      10.7152                      12.1191
1490                      19.7715                      12.1203
1500                      12.0772                      12.1214
1510                      10.5077                      12.1226
1520                      10.8508                      12.1237
1530                      10.4851                      12.1248
1540                      11.1485                      12.126
1550                      11.1149                      12.1271
1560                      11.2115                      12.1282
1570                      11.0211                      12.1294
1580                      10.4021                      12.1305
1590                      11.2402                      12.1316
1600                      10.624                      12.1327
1610                      11.0624                      12.1339
1620                      10.7062                      12.135
1630                      10.6706                      12.1361
1640                      10.5671                      12.1373
1650                      10.6567                      12.1384
1660                      10.3657                      12.1395
1670                      10.9366                      12.1406
1680                      11.3937                      12.1418
1690                      10.4394                      12.1429
1700                      11.0439                      12.144
1710                      11.0044                      12.1451
1720                      10.6004                      12.1462
1730                      10.76                      12.1473
1740                      10.876                      12.1485
1750                      10.8876                      12.1496
1760                      11.3888                      12.1507
1770                      11.0389                      12.1518
1780                      21.2039                      12.1529
1790                      11.7204                      12.154
1800                      10.872                      12.1551
1810                      11.4872                      12.1563
1820                      11.5487                      12.1574
1830                      12.7549                      12.1585
1840                      13.6755                      12.1596
1850                      12.5675                      12.1607
1860                      12.9568                      12.1618
1870                      10.8957                      12.1629
1880                      11.1896                      12.164
1890                      10.419                      12.1651
1900                      10.7419                      12.1662
1910                      10.4742                      12.1673
1920                      18.8474                      12.1684
1930                      11.3847                      12.1695
1940                      10.7385                      12.1706
1950                      10.5738                      12.1717
1960                      10.8574                      12.1728
1970                      10.4857                      12.1739
1980                      10.4486                      12.175
1990                      17.2449                      12.1761
2000                      40.0245                      12.1772
2010                      34.3024                      12.1783
2020                      18.0302                      12.1794
2030                      16.503                      12.1805
2040                      16.3503                      12.1816
2050                      17.635                      12.1826
2060                      18.3635                      12.1837
2070                      18.1364                      12.1848
2080                      16.7136                      12.1859
2090                      17.1714                      12.187
2100                      17.6171                      12.1881
2110                      16.7617                      12.1892
2120                      16.4762                      12.1902
2130                      16.6476                      12.1913
2140                      16.4648                      12.1924
2150                      16.4465                      12.1935
2160                      15.3446                      12.1946
2170                      15.3345                      12.1957
2180                      26.8334                      12.1967
2190                      16.9833                      12.1978
2200                      15.3983                      12.1989
2210                      15.7398                      12.2
2220                      15.474                      12.201
2230                      14.9474                      12.2021
2240                      15.3947                      12.2032
2250                      29.2395                      12.2042
2260                      16.8239                      12.2053
2270                      15.4824                      12.2064
2280                      13.7482                      12.2075
2290                      10.7748                      12.2085
2300                      10.4775                      12.2096
2310                      10.6477                      12.2107
2320                      10.4648                      12.2117
2330                      12.8465                      12.2128
2340                      11.0846                      12.2139
2350                      10.9085                      12.2149
2360                      10.6908                      12.216
2370                      10.4691                      12.217
2380                      10.6469                      12.2181
2390                      10.3647                      12.2192
2400                      10.5365                      12.2202
2410                      10.6536                      12.2213
2420                      10.8654                      12.2223
2430                      10.6865                      12.2234
2440                      10.7687                      12.2244
2450                      10.6769                      12.2255
2460                      10.5677                      12.2265
2470                      10.4568                      12.2276
2480                      10.5457                      12.2286
2490                      10.6546                      12.2297
2500                      24.7655                      12.2307
2510                      22.6765                      12.2318
2520                      11.9677                      12.2328
2530                      10.6968                      12.2339
2540                      10.2697                      12.2349
2550                      10.627                      12.236
2560                      10.4627                      12.237
2570                      10.7463                      12.2381
2580                      10.8746                      12.2391
2590                      10.9875                      12.2401
2600                      10.7987                      12.2412
2610                      10.6799                      12.2422
2620                      10.968                      12.2433
2630                      10.4968                      12.2443
2640                      10.8497                      12.2453
2650                      11.085                      12.2464
2660                      11.7085                      12.2474
2670                      11.1708                      12.2484
2680                      11.1171                      12.2495
2690                      10.9117                      12.2505
2700                      21.8912                      12.2515
2710                      11.6891                      12.2526
2720                      10.5689                      12.2536
2730                      10.9569                      12.2546
2740                      11.0957                      12.2557
2750                      11.2096                      12.2567
2760                      10.721                      12.2577
2770                      10.8721                      12.2587
2780                      10.9872                      12.2598
2790                      11.0987                      12.2608
2800                      11.0099                      12.2618
2810                      10.901                      12.2628
2820                      10.6901                      12.2638
2830                      10.669                      12.2649
2840                      10.8669                      12.2659
2850                      24.0867                      12.2669
2860                      12.0087                      12.2679
2870                      11.2009                      12.2689
2880                      18.7201                      12.27
2890                      11.572                      12.271
2900                      10.9572                      12.272
2910                      10.7957                      12.273
2920                      10.8796                      12.274
2930                      10.888                      12.275
2940                      10.9888                      12.276
2950                      13.4989                      12.277
2960                      12.0499                      12.278
2970                      11.605                      12.2791
2980                      11.3605                      12.2801
2990                      11.136                      12.2811
3000                      10.8136                      12.2821
3010                      11.2814                      12.2831
3020                      11.5281                      12.2841
3030                      11.5528                      12.2851
3040                      11.2553                      12.2861
3050                      11.4255                      12.2871
3060                      11.7426                      12.2881
3070                      11.3743                      12.2891
3080                      11.0374                      12.2901
3090                      12.1037                      12.2911
3100                      12.8104                      12.2921
3110                      11.381                      12.2931
3120                      11.1381                      12.2941
3130                      10.9138                      12.295
3140                      11.0914                      12.296
3150                      10.7091                      12.297
3160                      11.3709                      12.298
3170                      14.1371                      12.299
3180                      15.7137                      12.3
3190                      14.5714                      12.301
3200                      24.7571                      12.302
3210                      12.6757                      12.303
3220                      12.5676                      12.3039
3230                      12.8568                      12.3049
3240                      11.3857                      12.3059
3250                      11.6386                      12.3069
3260                      11.8639                      12.3079
3270                      11.2864                      12.3089
3280                      11.4286                      12.3098
3290                      11.1429                      12.3108
3300                      11.6143                      12.3118
3310                      11.2614                      12.3128
3320                      11.3261                      12.3137
3330                      11.9326                      12.3147
3340                      11.6933                      12.3157
3350                      11.7693                      12.3167
3360                      12.0769                      12.3176
3370                      11.6077                      12.3186
3380                      11.4608                      12.3196
3390                      11.0461                      12.3206
3400                      11.3046                      12.3215
3410                      11.1305                      12.3225
3420                      11.113                      12.3235
3430                      11.1113                      12.3244
3440                      11.1111                      12.3254
3450                      11.3111                      12.3264
3460                      11.5311                      12.3273
3470                      11.2531                      12.3283
3480                      12.4253                      12.3292
3490                      11.4425                      12.3302
3500                      11.2443                      12.3312
3510                      11.3244                      12.3321
3520                      11.3324                      12.3331
3530                      11.1332                      12.334
3540                      11.2133                      12.335
3550                      11.4213                      12.3359
3560                      18.8421                      12.3369
3570                      16.5842                      12.3379
3580                      12.9584                      12.3388
3590                      11.0958                      12.3398
3600                      11.2096                      12.3407
3610                      10.921                      12.3417
3620                      12.2921                      12.3426
3630                      11.0292                      12.3436
3640                      11.1029                      12.3445
3650                      11.1103                      12.3455
3660                      13.511                      12.3464
3670                      23.0511                      12.3473
3680                      13.1051                      12.3483
3690                      12.8105                      12.3492
3700                      11.5811                      12.3502
3710                      11.7581                      12.3511
3720                      11.5758                      12.3521
3730                      11.5576                      12.353
3740                      11.6558                      12.3539
3750                      11.5656                      12.3549
3760                      11.8566                      12.3558
3770                      12.1857                      12.3567
3780                      19.0186                      12.3577
3790                      11.9019                      12.3586
3800                      10.7902                      12.3595
3810                      11.079                      12.3605
3820                      11.2079                      12.3614
3830                      11.1208                      12.3623
3840                      11.4121                      12.3633
3850                      11.2412                      12.3642
3860                      10.7241                      12.3651
3870                      10.6724                      12.3661
3880                      11.0672                      12.367
3890                      11.0067                      12.3679
3900                      12.7007                      12.3688
3910                      11.8701                      12.3698
3920                      11.087                      12.3707
3930                      10.9087                      12.3716
3940                      11.2909                      12.3725
3950                      11.3291                      12.3734
3960                      11.2329                      12.3744
3970                      11.2233                      12.3753
3980                      11.2223                      12.3762
3990                      11.1222                      12.3771
4000                      15.6122                      12.378
4010                      11.6612                      12.3789
4020                      11.0661                      12.3799
4030                      11.2066                      12.3808
4040                      11.1207                      12.3817
4050                      10.8121                      12.3826
4060                      11.1812                      12.3835
4070                      11.3181                      12.3844
4080                      11.1318                      12.3853
4090                      11.5132                      12.3862
4100                      12.7513                      12.3871
4110                      185.175                      12.388
4120                      39.3175                      12.3889
4130                      19.1318                      12.3898
4140                      12.2132                      12.3907
4150                      28.6213                      12.3916
4160                      14.3621                      12.3926
4170                      12.3362                      12.3935
4180                      12.1336                      12.3944
4190                      11.5134                      12.3952
4200                      12.0513                      12.3961
4210                      12.0051                      12.397
4220                      12.3005                      12.3979
4230                      11.4301                      12.3988
4240                      11.443                      12.3997
4250                      11.3443                      12.4006
4260                      11.1344                      12.4015
4270                      12.6134                      12.4024
4280                      11.1613                      12.4033
4290                      10.8161                      12.4042
4300                      11.1816                      12.4051
4310                      10.7182                      12.406
4320                      10.8718                      12.4068
4330                      11.0872                      12.4077
4340                      10.9087                      12.4086
4350                      10.8909                      12.4095
4360                      11.0891                      12.4104
4370                      18.0089                      12.4113
4380                      12.7009                      12.4122
4390                      11.6701                      12.413
4400                      11.367                      12.4139
4410                      11.6367                      12.4148
4420                      11.4637                      12.4157
4430                      11.2464                      12.4165
4440                      11.9246                      12.4174
4450                      11.1925                      12.4183
4460                      11.6192                      12.4192
4470                      11.0619                      12.42
4480                      11.5062                      12.4209
4490                      11.0506                      12.4218
4500                      11.4051                      12.4227
4510                      11.4405                      12.4235
4520                      11.2441                      12.4244
4530                      11.1244                      12.4253
4540                      11.2124                      12.4261
4550                      11.3212                      12.427
4560                      11.3321                      12.4279
4570                      11.4332                      12.4287
4580                      11.8433                      12.4296
4590                      11.0843                      12.4305
4600                      10.8084                      12.4313
4610                      10.4808                      12.4322
4620                      10.9481                      12.433
4630                      10.7948                      12.4339
4640                      11.1795                      12.4348
4650                      10.9179                      12.4356
4660                      11.0918                      12.4365
4670                      10.6092                      12.4373
4680                      10.7609                      12.4382
4690                      70.1761                      12.439
4700                      16.9176                      12.4399
4710                      11.3918                      12.4407
4720                      11.3392                      12.4416
4730                      11.1339                      12.4424
4740                      11.1134                      12.4433
4750                      11.1113                      12.4441
4760                      11.1111                      12.445
4770                      10.9111                      12.4458
4780                      13.2911                      12.4467
4790                      11.3291                      12.4475
4800                      11.1329                      12.4484
4810                      11.3133                      12.4492
4820                      11.3313                      12.4501
4830                      11.0331                      12.4509
4840                      11.1033                      12.4517
4850                      11.1103                      12.4526
4860                      11.311                      12.4534
4870                      11.4311                      12.4543
4880                      11.1431                      12.4551
4890                      11.1143                      12.4559
4900                      11.1114                      12.4568
4910                      11.0111                      12.4576
4920                      11.1011                      12.4584
4930                      11.5101                      12.4593
4940                      11.051                      12.4601
4950                      11.1051                      12.4609
4960                      11.3105                      12.4618
4970                      28.7311                      12.4626
4980                      13.2731                      12.4634
4990                      11.7273                      12.4642
5000                      11.2727                      12.4651
5010                      11.3273                      12.4659
5020                      11.3327                      12.4667
5030                      11.3333                      12.4675
5040                      11.3333                      12.4684
5050                      11.3333                      12.4692
5060                      11.6333                      12.47
5070                      11.3633                      12.4708
5080                      11.4363                      12.4716
5090                      11.2436                      12.4725
5100                      11.2244                      12.4733
5110                      11.8224                      12.4741
5120                      11.2822                      12.4749
5130                      11.2282                      12.4757
5140                      11.6228                      12.4765
5150                      11.4623                      12.4774
5160                      11.2462                      12.4782
5170                      11.1246                      12.479
5180                      11.2125                      12.4798
5190                      11.1212                      12.4806
5200                      11.4121                      12.4814
5210                      11.0412                      12.4822
5220                      10.9041                      12.483
5230                      11.0904                      12.4838
5240                      12.909                      12.4846
5250                      10.6909                      12.4854
5260                      11.0691                      12.4862
5270                      11.0069                      12.487
5280                      10.6007                      12.4878
5290                      11.0601                      12.4886
5300                      10.806                      12.4894
5310                      10.8806                      12.4902
5320                      10.9881                      12.491
5330                      13.4988                      12.4918
5340                      11.8499                      12.4926
5350                      14.685                      12.4934
5360                      12.0685                      12.4942
5370                      12.0068                      12.495
5380                      19.5007                      12.4958
5390                      11.6501                      12.4966
5400                      14.065                      12.4974
5410                      11.5065                      12.4982
5420                      11.0507                      12.499
5430                      10.6051                      12.4998
5440                      10.8605                      12.5005
5450                      10.6861                      12.5013
5460                      10.5686                      12.5021
5470                      11.3569                      12.5029
5480                      10.7357                      12.5037
5490                      10.5736                      12.5045
5500                      11.1574                      12.5052
5510                      11.1157                      12.506
5520                      11.1116                      12.5068
5530                      11.1112                      12.5076
5540                      10.9111                      12.5084
5550                      11.0911                      12.5091
5560                      11.1091                      12.5099
5570                      11.0109                      12.5107
5580                      10.8011                      12.5115
5590                      12.2801                      12.5122
5600                      12.828                      12.513
5610                      14.5828                      12.5138
5620                      13.5583                      12.5146
5630                      17.5558                      12.5153
5640                      11.9556                      12.5161
5650                      11.1956                      12.5169
5660                      11.3196                      12.5176
5670                      11.032                      12.5184
5680                      11.2032                      12.5192
5690                      13.5203                      12.5199
5700                      16.252                      12.5207
5710                      11.9252                      12.5215
5720                      11.4925                      12.5222
5730                      21.0493                      12.523
5740                      13.2049                      12.5237
5750                      12.1205                      12.5245
5760                      11.312                      12.5253
5770                      11.1312                      12.526
5780                      10.9131                      12.5268
5790                      10.7913                      12.5275
5800                      10.9791                      12.5283
5810                      11.1979                      12.529
5820                      12.9198                      12.5298
5830                      11.392                      12.5305
5840                      11.2392                      12.5313
5850                      11.2239                      12.532
5860                      10.9224                      12.5328
5870                      11.0922                      12.5335
5880                      11.3092                      12.5343
5890                      11.1309                      12.535
5900                      11.2131                      12.5358
5910                      11.2213                      12.5365
5920                      11.5221                      12.5373
5930                      11.5522                      12.538
5940                      11.1552                      12.5388
5950                      11.1155                      12.5395
5960                      11.3116                      12.5402
5970                      11.4312                      12.541
5980                      11.2431                      12.5417
5990                      11.4243                      12.5425
6000                      11.1424                      12.5432
6010                      11.1142                      12.5439
6020                      11.2114                      12.5447
6030                      11.1211                      12.5454
6040                      11.3121                      12.5461
6050                      11.1312                      12.5469
6060                      11.0131                      12.5476
6070                      10.9013                      12.5483
6080                      10.8901                      12.5491
6090                      10.889                      12.5498
6100                      10.9889                      12.5505
6110                      10.6989                      12.5512
6120                      10.8699                      12.552
6130                      10.687                      12.5527
6140                      11.4687                      12.5534
6150                      11.2469                      12.5541
6160                      10.9247                      12.5549
6170                      11.1925                      12.5556
6180                      11.7192                      12.5563
6190                      11.0719                      12.557
6200                      11.2072                      12.5577
6210                      10.9207                      12.5585
6220                      16.5921                      12.5592
6230                      11.7592                      12.5599
6240                      11.1759                      12.5606
6250                      11.1176                      12.5613
6260                      14.9118                      12.562
6270                      11.3912                      12.5628
6280                      11.1391                      12.5635
6290                      11.1139                      12.5642
6300                      12.4114                      12.5649
6310                      20.1411                      12.5656
6320                      11.9141                      12.5663
6330                      11.2914                      12.567
6340                      11.0291                      12.5677
6350                      11.1029                      12.5684
6360                      10.9103                      12.5691
6370                      11.191                      12.5698
6380                      11.5191                      12.5705
6390                      11.3519                      12.5712
6400                      11.3352                      12.5719
6410                      14.1335                      12.5726
6420                      11.1134                      12.5733
6430                      11.1113                      12.574
6440                      11.2111                      12.5747
6450                      12.0211                      12.5754
6460                      11.1021                      12.5761
6470                      11.3102                      12.5768
6480                      11.231                      12.5775
6490                      11.1231                      12.5782
6500                      11.1123                      12.5789
6510                      10.9112                      12.5796
6520                      19.4911                      12.5803
6530                      12.0491                      12.581
6540                      11.0049                      12.5817
6550                      11.1005                      12.5824
6560                      11.11                      12.583
6570                      10.811                      12.5837
6580                      10.9811                      12.5844
6590                      11.0981                      12.5851
6600                      15.0098                      12.5858
6610                      22.701                      12.5865
6620                      17.4701                      12.5872
6630                      16.847                      12.5878
6640                      16.3847                      12.5885
6650                      14.0385                      12.5892
6660                      11.2038                      12.5899
6670                      11.2204                      12.5905
6680                      11.122                      12.5912
6690                      11.1122                      12.5919
6700                      11.1112                      12.5926
6710                      10.8111                      12.5932
6720                      13.7811                      12.5939
6730                      11.5781                      12.5946
6740                      12.0578                      12.5953
6750                      12.0058                      12.5959
6760                      11.2006                      12.5966
6770                      13.6201                      12.5973
6780                      11.462                      12.5979
6790                      20.9462                      12.5986
6800                      12.8946                      12.5993
6810                      11.5895                      12.5999
6820                      11.4589                      12.6006
6830                      12.0459                      12.6013
6840                      13.3046                      12.6019
6850                      27.9305                      12.6026
6860                      12.893                      12.6032
6870                      11.0893                      12.6039
6880                      12.2089                      12.6046
6890                      16.4209                      12.6052
6900                      11.9421                      12.6059
6910                      12.7942                      12.6065
6920                      12.8794                      12.6072
6930                      13.2879                      12.6078
6940                      12.0288                      12.6085
6950                      12.5029                      12.6092
6960                      11.5503                      12.6098
6970                      11.455                      12.6105
6980                      11.1455                      12.6111
6990                      12.9146                      12.6118
7000                      11.6915                      12.6124
7010                      11.2691                      12.613
7020                      11.1269                      12.6137
7030                      19.6127                      12.6143
7040                      12.3613                      12.615
7050                      11.9361                      12.6156
7060                      11.5936                      12.6163
7070                      20.9594                      12.6169
7080                      14.2959                      12.6176
7090                      13.0296                      12.6182
7100                      11.503                      12.6188
7110                      11.1503                      12.6195
7120                      11.715                      12.6201
7130                      11.6715                      12.6207
7140                      11.0672                      12.6214
7150                      11.4067                      12.622
7160                      11.0407                      12.6226
7170                      11.2041                      12.6233
7180                      11.3204                      12.6239
7190                      11.332                      12.6245
7200                      10.6332                      12.6252
7210                      11.4633                      12.6258
7220                      11.3463                      12.6264
7230                      10.8346                      12.6271
7240                      10.9835                      12.6277
7250                      10.7983                      12.6283
7260                      10.9798                      12.6289
7270                      11.098                      12.6296
7280                      11.2098                      12.6302
7290                      10.821                      12.6308
7300                      10.6821                      12.6314
7310                      10.8682                      12.632
7320                      11.0868                      12.6327
7330                      10.8087                      12.6333
7340                      11.3809                      12.6339
7350                      11.4381                      12.6345
7360                      11.2438                      12.6351
7370                      11.1244                      12.6358
7380                      11.3124                      12.6364
7390                      19.9312                      12.637
7400                      12.0931                      12.6376
7410                      20.5093                      12.6382
7420                      12.5509                      12.6388
7430                      11.3551                      12.6394
7440                      11.4355                      12.64
7450                      11.2436                      12.6406
7460                      11.2244                      12.6412
7470                      11.8224                      12.6419
7480                      11.1822                      12.6425
7490                      10.8182                      12.6431
7500                      11.0818                      12.6437
7510                      11.1082                      12.6443
7520                      10.6108                      12.6449
7530                      11.0611                      12.6455
7540                      11.4061                      12.6461
7550                      11.2406                      12.6467
7560                      11.4241                      12.6473
7570                      11.1424                      12.6479
7580                      11.2142                      12.6485
7590                      11.2214                      12.6491
7600                      11.4221                      12.6496
7610                      11.2422                      12.6502
7620                      11.3242                      12.6508
7630                      11.2324                      12.6514
7640                      10.8232                      12.652
7650                      11.1823                      12.6526
7660                      11.1182                      12.6532
7670                      16.1118                      12.6538
7680                      19.0112                      12.6544
7690                      16.5011                      12.655
7700                      15.6501                      12.6555
7710                      15.165                      12.6561
7720                      11.8165                      12.6567
7730                      23.2817                      12.6573
7740                      12.5282                      12.6579
7750                      11.6528                      12.6585
7760                      11.2653                      12.659
7770                      11.7265                      12.6596
7780                      11.4727                      12.6602
7790                      11.2473                      12.6608
7800                      11.7247                      12.6614
7810                      11.7725                      12.6619
7820                      11.3772                      12.6625
7830                      11.0377                      12.6631
7840                      11.9038                      12.6636
7850                      11.0904                      12.6642
7860                      42.209                      12.6648
7870                      14.4209                      12.6654
7880                      13.6421                      12.6659
7890                      13.1642                      12.6665
7900                      11.4164                      12.6671
7910                      11.2416                      12.6676
7920                      11.2242                      12.6682
7930                      14.2224                      12.6688
7940                      11.7222                      12.6693
7950                      12.3722                      12.6699
7960                      12.1372                      12.6705
7970                      12.1137                      12.671
7980                      11.1114                      12.6716
7990                      11.0111                      12.6721
8000                      12.5011                      12.6727
8010                      11.7501                      12.6733
8020                      11.175                      12.6738
8030                      11.4175                      12.6744
8040                      11.4418                      12.6749
8050                      11.1442                      12.6755
8060                      11.9144                      12.676
8070                      12.0914                      12.6766
8080                      11.7091                      12.6771
8090                      11.5709                      12.6777
8100                      11.6571                      12.6782
8110                      11.4657                      12.6788
8120                      12.0466                      12.6793
8130                      11.9047                      12.6799
8140                      12.3905                      12.6804
8150                      12.439                      12.681
8160                      11.9439                      12.6815
8170                      11.6944                      12.6821
8180                      11.4694                      12.6826
8190                      11.0469                      12.6831
8200                      11.3047                      12.6837
8210                      11.4305                      12.6842
8220                      16.343                      12.6848
8230                      16.8343                      12.6853
8240                      15.9834                      12.6858
8250                      15.8983                      12.6864
8260                      15.2898                      12.6869
8270                      11.529                      12.6874
8280                      11.3529                      12.688
8290                      11.0353                      12.6885
8300                      11.1035                      12.689
8310                      11.2104                      12.6896
8320                      12.421                      12.6901
8330                      11.2421                      12.6906
8340                      11.2242                      12.6912
8350                      11.1224                      12.6917
8360                      11.2122                      12.6922
8370                      11.1212                      12.6927
8380                      12.3121                      12.6933
8390                      20.0312                      12.6938
8400                      12.3031                      12.6943
8410                      11.5303                      12.6948
8420                      11.353                      12.6954
8430                      11.4353                      12.6959
8440                      11.6435                      12.6964
8450                      11.3644                      12.6969
8460                      11.2364                      12.6974
8470                      11.0236                      12.698
8480                      11.0024                      12.6985
8490                      17.4002                      12.699
8500                      11.94                      12.6995
8510                      11.394                      12.7
8520                      11.4394                      12.7005
8530                      11.2439                      12.701
8540                      11.1244                      12.7015
8550                      19.6124                      12.7021
8560                      12.9612                      12.7026
8570                      11.4961                      12.7031
8580                      11.7496                      12.7036
8590                      11.875                      12.7041
8600                      11.7875                      12.7046
8610                      12.2787                      12.7051
8620                      11.9279                      12.7056
8630                      11.6928                      12.7061
8640                      20.2693                      12.7066
8650                      12.8269                      12.7071
8660                      12.2827                      12.7076
8670                      11.9283                      12.7081
8680                      11.6928                      12.7086
8690                      11.7693                      12.7091
8700                      11.9769                      12.7096
8710                      11.7977                      12.7101
8720                      11.7798                      12.7106
8730                      11.578                      12.7111
8740                      11.4578                      12.7116
8750                      11.2458                      12.7121
8760                      11.6246                      12.7126
8770                      14.7625                      12.713
8780                      18.2762                      12.7135
8790                      18.3276                      12.714
8800                      15.4328                      12.7145
8810                      13.1433                      12.715
8820                      11.4143                      12.7155
8830                      12.8414                      12.716
8840                      14.3841                      12.7165
8850                      11.8384                      12.7169
8860                      13.4838                      12.7174
8870                      15.8484                      12.7179
8880                      12.1848                      12.7184
8890                      11.4185                      12.7189
8900                      10.9418                      12.7193
8910                      11.5942                      12.7198
8920                      11.3594                      12.7203
8930                      11.3359                      12.7208
8940                      11.3336                      12.7212
8950                      11.2334                      12.7217
8960                      11.5233                      12.7222
8970                      11.7523                      12.7227
8980                      11.2752                      12.7231
8990                      11.3275                      12.7236
9000                      11.1328                      12.7241
9010                      11.3133                      12.7245
9020                      12.1313                      12.725
9030                      11.6131                      12.7255
9040                      11.2613                      12.7259
9050                      11.2261                      12.7264
9060                      11.2226                      12.7269
9070                      12.1223                      12.7273
9080                      11.7122                      12.7278
9090                      11.3712                      12.7283
9100                      11.3371                      12.7287
9110                      11.1337                      12.7292
9120                      11.2134                      12.7296
9130                      11.8213                      12.7301
9140                      11.2821                      12.7306
9150                      11.2282                      12.731
9160                      11.2228                      12.7315
9170                      11.2223                      12.7319
9180                      11.7222                      12.7324
9190                      11.2722                      12.7328
9200                      11.2272                      12.7333
9210                      11.0227                      12.7337
9220                      11.2023                      12.7342
9230                      11.1202                      12.7346
9240                      12.012                      12.7351
9250                      11.3012                      12.7355
9260                      11.2301                      12.736
9270                      11.523                      12.7364
9280                      11.2523                      12.7369
9290                      11.5252                      12.7373
9300                      11.4525                      12.7377
9310                      11.1453                      12.7382
9320                      11.1145                      12.7386
9330                      11.2115                      12.7391
9340                      11.9211                      12.7395
9350                      10.7921                      12.74
9360                      11.0792                      12.7404
9370                      11.1079                      12.7408
9380                      10.9108                      12.7413
9390                      11.1911                      12.7417
9400                      11.4191                      12.7421
9410                      11.4419                      12.7426
9420                      11.1442                      12.743
9430                      11.4144                      12.7434
9440                      11.3414                      12.7439
9450                      20.5341                      12.7443
9460                      12.1534                      12.7447
9470                      12.2153                      12.7451
9480                      16.4215                      12.7456
9490                      15.4422                      12.746
9500                      11.7442                      12.7464
9510                      11.7744                      12.7468
9520                      11.5774                      12.7473
9530                      20.7577                      12.7477
9540                      12.6758                      12.7481
9550                      11.6676                      12.7485
9560                      11.2668                      12.749
9570                      11.5267                      12.7494
9580                      11.8527                      12.7498
9590                      12.2853                      12.7502
9600                      11.7285                      12.7506
9610                      11.3729                      12.751
9620                      11.1373                      12.7515
9630                      11.5137                      12.7519
9640                      11.5514                      12.7523
9650                      14.1551                      12.7527
9660                      23.3155                      12.7531
9670                      19.3316                      12.7535
9680                      23.7332                      12.7539
9690                      12.4733                      12.7543
9700                      12.0473                      12.7547
9710                      12.1047                      12.7551
9720                      11.8105                      12.7555
9730                      11.681                      12.756
9740                      11.2681                      12.7564
9750                      11.5268                      12.7568
9760                      11.4527                      12.7572
9770                      11.7453                      12.7576
9780                      11.3745                      12.758
9790                      20.1375                      12.7584
9800                      12.0137                      12.7588
9810                      11.2014                      12.7592
9820                      13.2201                      12.7596
9830                      11.822                      12.7599
9840                      19.9822                      12.7603
9850                      12.3982                      12.7607
9860                      11.7398                      12.7611
9870                      13.074                      12.7615
9880                      12.1074                      12.7619
9890                      11.3107                      12.7623
9900                      11.6311                      12.7627
9910                      11.8631                      12.7631
9920                      12.0863                      12.7635
9930                      11.3086                      12.7639
9940                      11.3309                      12.7642
9950                      11.0331                      12.7646
9960                      11.3033                      12.765
9970                      12.7303                      12.7654
9980                      11.273                      12.7658
9990                      11.7273                      12.7662
10000                      11.3727                      12.7665
10010                      11.0373                      12.7669
10020                      11.5037                      12.7673
10030                      11.3504                      12.7677
10040                      11.235                      12.7681
10050                      11.3235                      12.7684
10060                      11.4324                      12.7688
10070                      16.6432                      12.7692
10080                      11.8643                      12.7695
10090                      11.4864                      12.7699
10100                      11.2486                      12.7703
10110                      11.2249                      12.7707
10120                      11.6225                      12.771
10130                      12.6622                      12.7714
10140                      11.7662                      12.7718
10150                      11.4766                      12.7721
10160                      12.9477                      12.7725
10170                      11.7948                      12.7729
10180                      12.0795                      12.7732
10190                      11.0079                      12.7736
10200                      11.6008                      12.774
10210                      12.4601                      12.7743
10220                      11.446                      12.7747
10230                      11.3446                      12.775
10240                      11.4345                      12.7754
10250                      11.2434                      12.7758
10260                      13.6243                      12.7761
10270                      12.4624                      12.7765
10280                      11.2462                      12.7768
10290                      12.0246                      12.7772
10300                      11.8025                      12.7775
10310                      12.1802                      12.7779
10320                      11.418                      12.7782
10330                      11.7418                      12.7786
10340                      11.3742                      12.7789
10350                      11.3374                      12.7793
10360                      12.2337                      12.7796
10370                      11.7234                      12.78
10380                      12.4723                      12.7803
10390                      11.5472                      12.7807
10400                      12.9547                      12.781
10410                      12.4955                      12.7814
10420                      11.8495                      12.7817
10430                      12.185                      12.7821
10440                      23.0185                      12.7824
10450                      13.4018                      12.7827
10460                      11.9402                      12.7831
10470                      11.394                      12.7834
10480                      13.2394                      12.7838
10490                      24.7239                      12.7841
10500                      14.8724                      12.7844
10510                      12.5872                      12.7848
10520                      11.7587                      12.7851
10530                      12.3759                      12.7854
10540                      11.9376                      12.7858
10550                      11.4938                      12.7861
10560                      11.9494                      12.7864
10570                      11.5949                      12.7868
10580                      12.2595                      12.7871
10590                      11.5259                      12.7874
10600                      11.2526                      12.7877
10610                      11.4253                      12.7881
10620                      12.1425                      12.7884
10630                      11.9143                      12.7887
10640                      11.7914                      12.789
10650                      11.9791                      12.7894
10660                      11.9979                      12.7897
10670                      12.2998                      12.79
10680                      11.93                      12.7903
10690                      20.393                      12.7906
10700                      13.0393                      12.791
10710                      11.8039                      12.7913
10720                      11.8804                      12.7916
10730                      11.688                      12.7919
10740                      11.5688                      12.7922
10750                      11.2569                      12.7925
10760                      11.6257                      12.7928
10770                      11.4626                      12.7932
10780                      11.2463                      12.7935
10790                      11.5246                      12.7938
10800                      11.2525                      12.7941
10810                      11.9252                      12.7944
10820                      11.7925                      12.7947
10830                      12.1793                      12.795
10840                      12.1179                      12.7953
10850                      12.1118                      12.7956
10860                      16.6112                      12.7959
10870                      16.9611                      12.7962
10880                      15.6961                      12.7965
10890                      15.1696                      12.7968
10900                      12.117                      12.7971
10910                      11.7117                      12.7974
10920                      11.6712                      12.7977
10930                      12.3671                      12.798
10940                      11.6367                      12.7983
10950                      11.3637                      12.7986
10960                      11.4364                      12.7989
10970                      11.3436                      12.7992
10980                      12.0344                      12.7995
10990                      11.6034                      12.7998
11000                      11.8603                      12.8001
11010                      11.786                      12.8004
11020                      11.8786                      12.8007
11030                      12.4879                      12.801
11040                      11.9488                      12.8012
11050                      11.4949                      12.8015
11060                      11.6495                      12.8018
11070                      11.9649                      12.8021
11080                      11.2965                      12.8024
11090                      11.3296                      12.8027
11100                      11.833                      12.8029
11110                      11.6833                      12.8032
11120                      11.2683                      12.8035
11130                      11.6268                      12.8038
11140                      11.7627                      12.8041
11150                      11.4763                      12.8043
11160                      13.0476                      12.8046
11170                      11.5048                      12.8049
11180                      19.9505                      12.8052
11190                      13.995                      12.8054
11200                      11.4995                      12.8057
11210                      11.55                      12.806
11220                      11.955                      12.8063
11230                      11.6955                      12.8065
11240                      11.7695                      12.8068
11250                      11.477                      12.8071
11260                      11.4477                      12.8073
11270                      14.9448                      12.8076
11280                      16.5945                      12.8079
11290                      27.6594                      12.8081
11300                      16.3659                      12.8084
11310                      12.0366                      12.8087
11320                      11.3037                      12.8089
11330                      11.5304                      12.8092
11340                      13.253                      12.8095
11350                      24.3253                      12.8097
11360                      13.2325                      12.81
11370                      12.0233                      12.8102
11380                      12.2023                      12.8105
11390                      12.7202                      12.8108
11400                      12.072                      12.811
11410                      12.5072                      12.8113
11420                      13.2507                      12.8115
11430                      13.0251                      12.8118
11440                      12.8025                      12.812
11450                      12.7803                      12.8123
11460                      12.378                      12.8125
11470                      11.9378                      12.8128
11480                      13.6938                      12.813
11490                      13.1694                      12.8133
11500                      12.9169                      12.8135
11510                      13.4917                      12.8138
11520                      12.4492                      12.814
11530                      12.3449                      12.8142
11540                      13.5345                      12.8145
11550                      12.3534                      12.8147
11560                      12.2353                      12.815
11570                      12.7235                      12.8152
11580                      12.3724                      12.8155
11590                      12.5372                      12.8157
11600                      11.9537                      12.8159
11610                      11.6954                      12.8162
11620                      11.3695                      12.8164
11630                      11.837                      12.8166
11640                      11.7837                      12.8169
11650                      11.1784                      12.8171
11660                      11.3178                      12.8173
11670                      12.0318                      12.8176
11680                      11.8032                      12.8178
11690                      11.6803                      12.818
11700                      11.668                      12.8183
11710                      11.5668                      12.8185
11720                      14.9567                      12.8187
11730                      12.0957                      12.8189
11740                      12.0096                      12.8192
11750                      13.801                      12.8194
11760                      12.4801                      12.8196
11770                      11.748                      12.8198
11780                      11.6748                      12.8201
11790                      11.6675                      12.8203
11800                      12.1667                      12.8205
11810                      11.5167                      12.8207
11820                      19.3517                      12.8209
11830                      12.5352                      12.8212
11840                      13.3535                      12.8214
11850                      11.8354                      12.8216
11860                      12.1835                      12.8218
11870                      20.1184                      12.822
11880                      18.2118                      12.8222
11890                      12.2212                      12.8224
11900                      11.7221                      12.8227
11910                      13.6722                      12.8229
11920                      13.5672                      12.8231
11930                      12.2567                      12.8233
11940                      11.9257                      12.8235
11950                      11.3926                      12.8237
11960                      12.4393                      12.8239
11970                      23.2439                      12.8241
11980                      12.4244                      12.8243
11990                      11.8424                      12.8245
12000                      11.7842                      12.8247
12010                      11.7784                      12.8249
12020                      11.6778                      12.8251
12030                      11.5678                      12.8253
12040                      11.7568                      12.8255
12050                      11.6757                      12.8257
12060                      11.5676                      12.8259
12070                      11.3568                      12.8261
12080                      11.7357                      12.8263
12090                      11.7736                      12.8265
12100                      11.4774                      12.8267
12110                      11.5477                      12.8269
12120                      11.7548                      12.8271
12130                      11.3755                      12.8273
12140                      11.5375                      12.8275
12150                      11.7538                      12.8276
12160                      11.6754                      12.8278
12170                      11.6675                      12.828
12180                      11.2668                      12.8282
12190                      11.1267                      12.8284
12200                      12.2127                      12.8286
12210                      11.4213                      12.8288
12220                      11.5421                      12.8289
12230                      11.8542                      12.8291
12240                      11.4854                      12.8293
12250                      11.1485                      12.8295
12260                      11.7149                      12.8297
12270                      11.2715                      12.8298
12280                      11.3271                      12.83
12290                      11.4327                      12.8302
12300                      11.1433                      12.8304
12310                      19.1143                      12.8305
12320                      12.5114                      12.8307
12330                      11.8511                      12.8309
12340                      10.9851                      12.8311
12350                      11.6985                      12.8312
12360                      11.6699                      12.8314
12370                      16.367                      12.8316
12380                      12.1367                      12.8317
12390                      11.6137                      12.8319
12400                      12.5614                      12.8321
12410                      12.1561                      12.8322
12420                      13.5156                      12.8324
12430                      12.6516                      12.8326
12440                      12.7652                      12.8327
12450                      12.3765                      12.8329
12460                      12.7377                      12.8331
12470                      12.3738                      12.8332
12480                      12.5374                      12.8334
12490                      12.6537                      12.8335
12500                      12.5654                      12.8337
12510                      12.6565                      12.8338
12520                      13.1657                      12.834
12530                      12.1166                      12.8342
12540                      36.5117                      12.8343
12550                      15.3512                      12.8345
12560                      12.0351                      12.8346
12570                      17.7035                      12.8348
12580                      14.2704                      12.8349
12590                      12.527                      12.8351
12600                      12.1527                      12.8352
12610                      11.6153                      12.8354
12620                      12.0615                      12.8355
12630                      11.8062                      12.8357
12640                      11.5806                      12.8358
12650                      11.9581                      12.8359
12660                      11.7958                      12.8361
12670                      13.1796                      12.8362
12680                      11.918                      12.8364
12690                      11.9918                      12.8365
12700                      11.7992                      12.8367
12710                      11.6799                      12.8368
12720                      11.768                      12.8369
12730                      11.8768                      12.8371
12740                      11.6877                      12.8372
12750                      11.6688                      12.8373
12760                      11.2669                      12.8375
12770                      14.6267                      12.8376
12780                      16.7627                      12.8377
12790                      16.0763                      12.8379
12800                      23.0076                      12.838
12810                      12.5008                      12.8381
12820                      11.4501                      12.8383
12830                      11.445                      12.8384
12840                      12.3445                      12.8385
12850                      11.4345                      12.8386
12860                      11.3434                      12.8388
12870                      19.7343                      12.8389
12880                      14.1734                      12.839
12890                      12.2173                      12.8391
12900                      11.5217                      12.8393
12910                      11.8522                      12.8394
12920                      11.6852                      12.8395
12930                      11.3685                      12.8396
12940                      11.2369                      12.8397
12950                      12.7237                      12.8399
12960                      11.8724                      12.84
12970                      11.5872                      12.8401
12980                      11.7587                      12.8402
12990                      11.9759                      12.8403
13000                      11.4976                      12.8404
13010                      11.2498                      12.8405
13020                      11.325                      12.8407
13030                      21.3325                      12.8408
13040                      12.3332                      12.8409
13050                      12.0333                      12.841
13060                      12.3033                      12.8411
13070                      11.9303                      12.8412
13080                      11.593                      12.8413
13090                      11.2593                      12.8414
13100                      16.9259                      12.8415
13110                      13.5926                      12.8416
13120                      12.6593                      12.8417
13130                      12.4659                      12.8418
13140                      12.3466                      12.8419
13150                      12.2347                      12.842
13160                      11.9235                      12.8421
13170                      11.7923                      12.8422
13180                      13.4792                      12.8423
13190                      12.8479                      12.8424
13200                      12.0848                      12.8425
13210                      13.6085                      12.8426
13220                      17.6608                      12.8427
13230                      14.8661                      12.8428
13240                      13.6866                      12.8429
13250                      12.5687                      12.843
13260                      12.6569                      12.8431
13270                      12.2657                      12.8431
13280                      12.8266                      12.8432
13290                      12.5827                      12.8433
13300                      12.8583                      12.8434
13310                      12.2858                      12.8435
13320                      11.7286                      12.8436
13330                      11.3729                      12.8437
13340                      11.8373                      12.8437
13350                      12.2837                      12.8438
13360                      11.4284                      12.8439
13370                      11.5428                      12.844
13380                      11.3543                      12.8441
13390                      11.3354                      12.8441
13400                      11.8335                      12.8442
13410                      11.5834                      12.8443
13420                      11.5583                      12.8444
13430                      11.7558                      12.8444
13440                      11.4756                      12.8445
13450                      11.5476                      12.8446
13460                      12.0548                      12.8447
13470                      11.6055                      12.8447
13480                      11.4605                      12.8448
13490                      11.9461                      12.8449
13500                      12.2946                      12.8449
13510                      11.7295                      12.845
13520                      11.4729                      12.8451
13530                      11.4473                      12.8451
13540                      11.4447                      12.8452
13550                      11.5445                      12.8453
13560                      11.3544                      12.8453
13570                      11.7354                      12.8454
13580                      11.4735                      12.8455
13590                      11.2474                      12.8455
13600                      11.2247                      12.8456
13610                      11.5225                      12.8456
13620                      11.4522                      12.8457
13630                      11.2452                      12.8458
13640                      11.3245                      12.8458
13650                      13.5325                      12.8459
13660                      11.9532                      12.8459
13670                      21.9953                      12.846
13680                      12.9995                      12.846
13690                      11.9                      12.8461
13700                      11.59                      12.8461
13710                      11.659                      12.8462
13720                      11.8659                      12.8462
13730                      11.5866                      12.8463
13740                      11.7587                      12.8463
13750                      11.4759                      12.8464
13760                      11.9476                      12.8464
13770                      11.5948                      12.8465
13780                      11.7595                      12.8465
13790                      15.6759                      12.8465
13800                      12.3676                      12.8466
13810                      11.8368                      12.8466
13820                      13.5837                      12.8467
13830                      12.2584                      12.8467
13840                      12.1258                      12.8467
13850                      12.0126                      12.8468
13860                      11.9013                      12.8468
13870                      11.2901                      12.8468
13880                      11.429                      12.8469
13890                      11.8429                      12.8469
13900                      11.5843                      12.8469
13910                      11.2584                      12.847
13920                      11.3258                      12.847
13930                      11.5326                      12.847
13940                      11.6533                      12.8471
13950                      11.7653                      12.8471
13960                      11.6765                      12.8471
13970                      11.5677                      12.8472
13980                      12.1568                      12.8472
13990                      20.5157                      12.8472
14000                      15.4516                      12.8472
14010                      16.9452                      12.8473
14020                      16.2945                      12.8473
14030                      16.0295                      12.8473
14040                      15.7029                      12.8473
14050                      16.6703                      12.8473
14060                      18.567                      12.8474
14070                      12.2567                      12.8474
14080                      11.4257                      12.8474
14090                      12.3426                      12.8474
14100                      12.7343                      12.8474
14110                      11.5734                      12.8474
14120                      11.8573                      12.8474
14130                      12.8857                      12.8475
14140                      11.7886                      12.8475
14150                      11.8789                      12.8475
14160                      11.8879                      12.8475
14170                      11.6888                      12.8475
14180                      11.5689                      12.8475
14190                      11.8569                      12.8475
14200                      11.6857                      12.8475
14210                      11.2686                      12.8475
14220                      19.5269                      12.8475
14230                      13.2527                      12.8475
14240                      12.7253                      12.8475
14250                      12.0725                      12.8475
14260                      11.6073                      12.8475
14270                      15.7607                      12.8475
14280                      12.6761                      12.8475
14290                      11.5676                      12.8475
14300                      17.8568                      12.8475
14310                      12.3857                      12.8475
14320                      11.5386                      12.8475
14330                      11.7539                      12.8475
14340                      11.7754                      12.8475
14350                      16.6775                      12.8475
14360                      12.5678                      12.8475
14370                      13.5568                      12.8475
14380                      12.0557                      12.8475
14390                      61.5056                      12.8475
14400                      17.1506                      12.8475
14410                      12.4151                      12.8474
14420                      11.9415                      12.8474
14430                      11.6942                      12.8474
14440                      11.4694                      12.8474
14450                      11.6469                      12.8474
14460                      11.8647                      12.8474
14470                      11.6865                      12.8473
14480                      11.8686                      12.8473
14490                      12.0869                      12.8473
14500                      11.5087                      12.8473
14510                      11.2509                      12.8473
14520                      12.1251                      12.8472
14530                      12.3125                      12.8472
14540                      21.3313                      12.8472
14550                      12.5331                      12.8472
14560                      19.9533                      12.8471
14570                      12.2953                      12.8471
14580                      11.2295                      12.8471
14590                      12.323                      12.8471
14600                      12.2323                      12.847
14610                      11.3232                      12.847
14620                      11.6323                      12.847
14630                      11.7632                      12.8469
14640                      11.2763                      12.8469
14650                      11.8276                      12.8469
14660                      13.9828                      12.8468
14670                      22.6983                      12.8468
14680                      12.6698                      12.8468
14690                      11.567                      12.8467
14700                      12.0567                      12.8467
14710                      11.8057                      12.8466
14720                      11.9806                      12.8466
14730                      11.7981                      12.8466
14740                      11.5798                      12.8465
14750                      20.058                      12.8465
14760                      12.1058                      12.8464
14770                      12.3106                      12.8464
14780                      11.9311                      12.8463
14790                      11.4931                      12.8463
14800                      13.3493                      12.8462
14810                      11.8349                      12.8462
14820                      12.7835                      12.8461
14830                      12.8783                      12.8461
14840                      12.2878                      12.846
14850                      11.7288                      12.846
14860                      12.1729                      12.8459
14870                      11.6173                      12.8459
14880                      11.8617                      12.8458
14890                      11.6862                      12.8458
14900                      11.7686                      12.8457
14910                      11.8769                      12.8457
14920                      11.2877                      12.8456
14930                      14.2288                      12.8455
14940                      13.7229                      12.8455
14950                      17.0723                      12.8454
14960                      13.2072                      12.8454
14970                      21.4207                      12.8453
14980                      12.5421                      12.8452
14990                      11.9542                      12.8452
15000                      11.5954                      12.8451
7.55911e-308                      1.34536e-306                      2.18202e-306
